param:
  H_MIN: 53
  H_MAX: 103
  S_MIN: 61
  S_MAX: 228
  V_MIN: 32
  V_MAX: 256
canny:
  UP_TH: 160
  LW_TH: 80
hough:
  HOUGH: false
position:
  POS: 1 
sensor_param:
  R_0: 111
  X_0: 3.5
  K: 180
  MAX_R: 210
calibration:
  camera_matrix: [ 842.535452, 0.000000, 346.109142, 0.000000, 848.739137, 205.197575, 0.000000, 0.000000, 1.000000]
  distortion_coefficients: [0.351252, -1.336514, -0.010438, 0.002366, 0.000000]


